16 100
0.2230902752816969 22476
0.6610692550085213 24283
0.12211868044596252 10151
0.07473674251099005 244
0.8041916150806705 508
0.7657642024462251 44901
0.5750724443403846 56891
0.11662279150422172 57974
0.03655633043922413 48019
0.49864642847988727 47053
0.09187922094987389 65521
0.34995437359625103 35231
0.140808404864452 12310
0.9569262164539679 19452
0.7221524796719939 30541
0.13866010413946106 53556
0.5777442463554345 41667
0.6401386321063643 9802
0.10038816490158786 17082
0.36819927714958867 19728
0.29304649446649655 17682
0.43333538013139916 37835
0.923984080359487 62467
0.6342682859171234 63349
0.4314407253459238 55275
0.695318055358124 32898
0.7959637278436501 12077
0.46979713914217625 57721
0.5045938707029167 17535
0.23473624728097753 51935
0.17495111632330196 29610
0.6260937679315032 58536
0.6964869599660148 57827
0.1283358173480732 28749
0.6184123944990079 45423
0.3992771536823174 7080
0.9150598492112502 17593
0.5053835572228794 20046
0.6112911085186273 17579
0.9519434354138276 5364
0.41272039580729014 31589
0.1056798931028533 47443
0.1579291163737342 6144
0.07171395124810331 10828
0.6070731948468573 55922
0.6821529080241889 46529
0.4288913177766014 62134
0.6883170574854164 49964
0.8074043924252577 60103
0.491678986401476 62213
0.17277674307196922 58080
0.4772071350084214 52408
0.2594503873908831 26287
0.01229888194477835 50477
0.4845967639687093 38875
0.1553257594437204 33357
0.09729186737126372 28946
0.15069876058716813 4242
0.2026204995025398 61397
0.3967403840528525 36511
0.2841912426765951 38498
0.8816552092664657 60034
0.6772465000534491 23522
0.920353120778651 52385
0.547479895121175 35113
0.9610700463001061 58342
0.7069759280190787 33966
0.4374356937729881 56226
0.6943117133962535 63859
0.6014010289973309 58592
0.04377316166480538 32300
0.12399214348796006 4090
0.08948802747048645 9213
0.6618808477286171 64033
0.21547975587937163 11095
0.7188894681840761 9473
0.601444004071193 31109
0.9010828490186635 29731
0.9570975619375964 46105
0.9224155529505952 50449
0.6957626948932965 61825
0.376487552634164 4464
0.4037351830904157 24135
0.25925836721968887 9252
0.4984142844045457 55914
0.34116844939896285 12792
0.7730813175752944 19030
0.4268509982853025 53901
0.4059909247992102 63013
0.5749195828709277 38726
0.06390229676551362 45296
0.2776605690858279 45581
0.20435995850124455 27008
0.29040255167049256 40131
0.06195918730496097 18300
0.058340190705212014 8310
0.998144724819391 44457
0.9766134365635775 5355
0.39906206041275716 3000
0.19412501353211775 63285
